0
150
0
279
0
233
0
16
0
203
0
223
0
81
0
12
0
294
1
262
1
204
1
222
1
257
1
19
1
268
1
126
1
208
1
132
1
188
1
111
1
188
1
7
2
144
2
3
2
33
2
73
2
280
2
184
2
118
2
219
2
132
3
179
3
1
3
50
3
223
3
98
3
8
3
208
3
203
3
72
3
144
3
75
3
141
4
211
4
27
4
249
4
37
4
230
4
283
5
49
5
126
5
81
5
110
5
291
5
172
5
277
5
60
5
205
5
33
5
212
5
246
6
272
6
197
6
180
6
140
6
143
6
102
6
175
7
258
7
157
7
289
7
96
7
87
7
288
7
123
7
25
7
64
7
170
7
78
8
61
8
242
8
81
8
62
8
277
8
220
8
68
8
16
8
202
8
219
9
143
9
77
9
133
9
208
9
36
9
158
9
130
9
113
9
17
9
297
9
66
